-------------------1 round 240 TF --- 10 epochs 360 sample

loss:  [0.9846948981285095, 0.930763840675354, 0.9145036935806274, 0.906632661819458, 0.8989375233650208, 0.8899698853492737, 0.870922327041626, 0.8526935577392578, 0.8455043435096741, 0.8363021016120911]

val_loss:  [0.9470987915992737, 0.9397202134132385, 0.9297985434532166, 0.921166718006134, 0.9176756143569946, 0.8937904238700867, 0.8696288466453552, 0.8663275837898254, 0.8537890315055847, 0.8362002968788147]

acc:  [0.9506767988204956, 0.9798839688301086, 0.9847826361656189, 0.9859519004821777, 0.986297607421875, 0.9868420958518982, 0.9884276390075684, 0.9896717667579651, 0.9898967742919922, 0.9909292459487915]

val_acc:  [0.9725683331489563, 0.9712064862251282, 0.9771065711975098, 0.9814369082450867, 0.981985330581665, 0.9860502481460571, 0.9889584183692932, 0.9897649884223938, 0.9904130101203918, 0.9919403791427612]

mean_iou : [0.24944257736206055, 0.3918677866458893, 0.4374200999736786, 0.45846137404441833, 0.47662264108657837, 0.49799299240112305, 0.5449174642562866, 0.591015636920929, 0.6103175282478333, 0.638358473777771]

val_mean_iou : [0.3342580795288086, 0.346590518951416, 0.3735661804676056, 0.4018605947494507, 0.4133620262145996, 0.46691766381263733, 0.5368028283119202, 0.5443432331085205, 0.5802574753761292, 0.6363071799278259]


-------------------2 round 240 TF --- 25 epochs 360 sample

loss:  [0.8289822936058044, 0.8228779435157776, 0.8182780146598816, 0.8150737881660461, 0.8105298280715942, 0.8131853342056274, 0.8095836639404297, 0.8122861981391907, 0.8068205714225769, 0.8035155534744263, 0.8013361096382141, 0.8037203550338745, 0.8012847304344177, 0.8033206462860107, 0.8017584085464478]

val_loss:  [0.8311167359352112, 0.8261213302612305, 0.8270737528800964, 0.8189948201179504, 0.8175228834152222, 0.8266550898551941, 0.8290680646896362, 0.8143941164016724, 0.8112935423851013, 0.8074948787689209, 0.807826042175293, 0.8091983199119568, 0.8052561283111572, 0.8130173683166504, 0.8063850998878479]

acc:  [0.9916684627532959, 0.9919558167457581, 0.9923723340034485, 0.9927027821540833, 0.993201494216919, 0.9926589727401733, 0.9931551218032837, 0.9928645491600037, 0.9934344291687012, 0.9937928318977356, 0.9940307140350342, 0.9934727549552917, 0.994084894657135, 0.9937140941619873, 0.9940870404243469]

val_acc:  [0.9918743371963501, 0.9918829202651978, 0.9912922382354736, 0.9925966858863831, 0.9925327897071838, 0.9905359148979187, 0.9867963194847107, 0.9931464195251465, 0.9937021732330322, 0.9939422011375427, 0.9937792420387268, 0.9937092065811157, 0.9936550855636597, 0.9913235902786255, 0.9934654235839844]

mean_iou : [0.6608325839042664, 0.6776003241539001, 0.6913484334945679, 0.7026567459106445, 0.717246949672699, 0.7063543200492859, 0.7189677953720093, 0.7110283970832825, 0.7294730544090271, 0.74151611328125, 0.7496387362480164, 0.7387928366661072, 0.7504086494445801, 0.7419852018356323, 0.7493334412574768]

val_mean_iou : [0.6473428606987, 0.662962794303894, 0.6580442190170288, 0.6878547072410583, 0.6933276057243347, 0.6616960167884827, 0.64422208070755, 0.709079921245575, 0.7166370749473572, 0.7310116291046143, 0.7287736535072327, 0.7248542904853821, 0.7367232441902161, 0.7052667737007141, 0.7318444848060608]

-------------------3 round 240 TF --- 40 epochs 360 sample

loss:  [0.7976922988891602, 0.801305890083313, 0.7967520952224731, 0.7946248650550842, 0.7933175563812256, 0.7918543219566345, 0.790790319442749, 0.8019106388092041, 0.7932322025299072, 0.7901484370231628, 0.7889829277992249, 0.7890511751174927, 0.7898913621902466, 0.7884629368782043, 0.7891702651977539]

val_loss:  [0.8059338331222534, 0.8109112977981567, 0.8041291832923889, 0.8030333518981934, 0.803236722946167, 0.8023111820220947, 0.7997916340827942, 0.8077071309089661, 0.8002429604530334, 0.7996269464492798, 0.7987563014030457, 0.7990461587905884, 0.799391508102417, 0.7994318604469299, 0.7992092370986938]

acc:  [0.9943792223930359, 0.9940226078033447, 0.9945719838142395, 0.994759202003479, 0.9949029684066772, 0.9950872659683228, 0.9951621890068054, 0.993416428565979, 0.9948167204856873, 0.9951676726341248, 0.9953411817550659, 0.9953112006187439, 0.9952764511108398, 0.9954209923744202, 0.995394766330719]

val_acc:  [0.9931319952011108, 0.9930360317230225, 0.9935564398765564, 0.9938984513282776, 0.9932501316070557, 0.99333655834198, 0.9935768246650696, 0.9927188158035278, 0.9937266111373901, 0.9937669634819031, 0.9936575293540955, 0.9938811659812927, 0.9940771460533142, 0.9945130348205566, 0.9935035109519958]

mean_iou : [0.7628412246704102, 0.7490580677986145, 0.7676483988761902, 0.7751569151878357, 0.7803282141685486, 0.7865093946456909, 0.7899429798126221, 0.7442310452461243, 0.7802448272705078, 0.7924345135688782, 0.797424852848053, 0.7969869375228882, 0.7949084043502808, 0.8004158139228821, 0.7980692982673645]

val_mean_iou : [0.7361056208610535, 0.7216691970825195, 0.7412453293800354, 0.7467871904373169, 0.7430092096328735, 0.7451898455619812, 0.7554824948310852, 0.7296541929244995, 0.7548816204071045, 0.7566261887550354, 0.7580288648605347, 0.7589342594146729, 0.7594513893127441, 0.7617655992507935, 0.7584981322288513]

-------------------4 round 240 TF --- 60 epochs 360 sample

loss:  [0.7877357602119446, 0.788041353225708, 0.7871322631835938, 0.7880852222442627, 0.7871639728546143, 0.7840560674667358, 0.7832072377204895, 0.782497763633728, 0.7833386659622192, 0.78331458568573, 0.7819962501525879, 0.7846742868423462, 0.7890974879264832, 0.7836123108863831, 0.781019389629364, 0.7804076075553894, 0.7796838283538818, 0.7793733477592468, 0.7796651721000671, 0.7817962169647217]

val_loss:  [0.7962963581085205, 0.7968868017196655, 0.7967485785484314, 0.8039827942848206, 0.7963545322418213, 0.7958287000656128, 0.7956472039222717, 0.7941418886184692, 0.796569287776947, 0.8004371523857117, 0.7968546748161316, 0.7973355650901794, 0.7954229712486267, 0.7978238463401794, 0.7976668477058411, 0.7963847517967224, 0.7972392439842224, 0.7958972454071045, 0.7954928278923035, 0.7949373126029968]

acc:  [0.9954943656921387, 0.9955186247825623, 0.9956536293029785, 0.9953595995903015, 0.9954577684402466, 0.9958344101905823, 0.9960445165634155, 0.9961017966270447, 0.9959847331047058, 0.9960607290267944, 0.9961574673652649, 0.9959055781364441, 0.9951758980751038, 0.9959467053413391, 0.9962365031242371, 0.9963480234146118, 0.9964563846588135, 0.9964447021484375, 0.9964595437049866, 0.9962204694747925]

val_acc:  [0.9947537779808044, 0.9940799474716187, 0.9939006567001343, 0.99309241771698, 0.9940818548202515, 0.9942182898521423, 0.9939807653427124, 0.994288444519043, 0.9935340881347656, 0.9937659502029419, 0.9938929080963135, 0.9931128621101379, 0.9940378665924072, 0.9942749738693237, 0.9939146041870117, 0.9940858483314514, 0.9936270713806152, 0.9941897988319397, 0.9942008256912231, 0.9945220351219177]

mean_iou : [0.8033179640769958, 0.8037708401679993, 0.8061597347259521, 0.8019182085990906, 0.8056331276893616, 0.8176388740539551, 0.822881281375885, 0.8258670568466187, 0.8217299580574036, 0.8227126002311707, 0.8279250264167786, 0.8165797591209412, 0.7971852421760559, 0.8213406801223755, 0.8319289684295654, 0.8352192044258118, 0.8389912247657776, 0.8396565318107605, 0.8390030860900879, 0.8308001160621643]

val_mean_iou : [0.7717168927192688, 0.769818902015686, 0.7668601274490356, 0.7434114813804626, 0.7699227333068848, 0.7718108892440796, 0.7720223069190979, 0.7793818712234497, 0.7691218852996826, 0.7582379579544067, 0.7687249779701233, 0.7635795474052429, 0.773445188999176, 0.7665917873382568, 0.7661693096160889, 0.7714996933937073, 0.7668716311454773, 0.7737143635749817, 0.7749204635620117, 0.7774987816810608]

-------------------5 round 240 TF ---  epochs 360 sample
